UQMD   version:       20030   1000  20030  output_file  13
projectile:  (mass, char)    0   0   target:  (mass, char)    0   0 
transformation betas (NN,lab,pro)     0.0000000  0.9907499 -0.9907499
impact_parameter_real/min/max(fm):    0.00  0.00  0.00  total_cross_section(mbarn):       0.00
equation_of_state:    0  E_lab(GeV/u): 0.1000E+03  sqrt(s)(GeV): 0.1382E+02  p_lab(GeV/u): 0.1009E+03
event#         1 random seed:           0 (auto)   total_time(fm/c):     8000 Delta(t)_O(fm/c):     8000.000
op  0    0    0    0    0    0    0    0    0    0    0    0    0    0    0  
op  0    0    0    0    0    0    1    0    1    0    0    0    0    2    1  
op  0    0    0    1    1    0    0    0    0    1    1    0    0    0    0  
pa 0.1000E+01   0.5200E+00   0.5000E+00   0.3000E+00   0.0000E+00   0.3700E+00   0.0000E+00   0.9300E-01   0.3500E+00   0.2500E+00   0.0000E+00   0.5000E+00  
pa 0.2700E+00   0.4900E+00   0.2700E+00   0.1000E+01   0.1600E+01   0.8500E+00   0.1550E+01   0.0000E+00   0.0000E+00   0.1000E+01 * 0.0000E+00   0.0000E+00  
pa 0.9000E+00   0.5000E+02   0.1000E+01   0.1000E+01   0.4000E+00   0.1500E+01   0.1600E+01   0.0000E+00   0.2500E+01   0.1000E+00   0.3000E+01   0.2750E+00  
pa 0.4200E+00   0.1080E+01   0.8000E+00   0.5000E+00   0.0000E+00   0.5500E+00   0.5000E+01   0.8000E+00   0.5000E+00   0.8000E+06   0.1000E+01   0.2000E+01  
pvec: r0              rx              ry              rz              p0              px              py              pz              m          ityp 2i3 chg lcl#  ncl or 
          12        8000
       0       0       0       0       0       0       0       0
  0.80000000E+04 -0.12660337E+04  0.17456572E+03 -0.78311766E+04  0.73523043E+01 -0.11636101E+01  0.16053377E+00 -0.71969624E+01  0.93827000E+00          1  1  1        0    0  99  0.80000000E+04 -0.12660337E+04  0.17456572E+03 -0.78311766E+04  0.73523043E+01 -0.11636101E+01  0.16053377E+00 -0.71969624E+01
  0.80000000E+04 -0.18040829E+04 -0.31498487E+03  0.77704811E+04  0.21616369E+01 -0.48772272E+00 -0.85154994E-01  0.20995404E+01  0.13957000E+00        101  2  1        0    0  99  0.80000000E+04 -0.18040829E+04 -0.31498487E+03  0.77704811E+04  0.21616369E+01 -0.48772272E+00 -0.85154994E-01  0.20995404E+01
  0.80000000E+04  0.35357123E+03  0.50834202E+04  0.36569284E+04  0.22491547E+00  0.10008762E-01  0.14295257E+00  0.10281814E+00  0.13957000E+00        101  2  1        0    0  99  0.80000000E+04  0.35357123E+03  0.50834202E+04  0.36569284E+04  0.22491547E+00  0.10008762E-01  0.14295257E+00  0.10281814E+00
  0.80000000E+04  0.19896758E+04  0.28978534E+03  0.77327118E+04  0.28494021E+01  0.70949117E+00  0.10351536E+00  0.27541821E+01  0.13957000E+00        101  2  1        0    0  99  0.80000000E+04  0.19896758E+04  0.28978534E+03  0.77327118E+04  0.28494021E+01  0.70949117E+00  0.10351536E+00  0.27541821E+01
  0.80000000E+04  0.21935144E+04  0.14266618E+04  0.75274188E+04  0.16097565E+01  0.44163726E+00  0.28708413E+00  0.15147196E+01  0.13957000E+00        101  2  1        0    0  99  0.80000000E+04  0.21935144E+04  0.14266618E+04  0.75274188E+04  0.16097565E+01  0.44163726E+00  0.28708413E+00  0.15147196E+01
  0.80000000E+04 -0.46650752E+03 -0.24176395E+04 -0.72639828E+04  0.49080226E+00 -0.28523811E-01 -0.14833334E+00 -0.44563514E+00  0.13957000E+00        101  2  1        0    0  99  0.80000000E+04 -0.46650752E+03 -0.24176395E+04 -0.72639828E+04  0.49080226E+00 -0.28523811E-01 -0.14833334E+00 -0.44563514E+00
  0.80000000E+04  0.62144606E+04  0.18985090E+04  0.35260582E+04  0.36625022E+00  0.28466317E+00  0.86989327E-01  0.16142853E+00  0.13957000E+00        101  2  1        0    0  99  0.80000000E+04  0.62144606E+04  0.18985090E+04  0.35260582E+04  0.36625022E+00  0.28466317E+00  0.86989327E-01  0.16142853E+00
  0.80000000E+04  0.42470830E+04  0.12889371E+04 -0.63882466E+04  0.60049055E+00  0.31920615E+00  0.96745054E-01 -0.47943398E+00  0.13957000E+00        101  2  1        0    0  99  0.80000000E+04  0.42470830E+04  0.12889371E+04 -0.63882466E+04  0.60049055E+00  0.31920615E+00  0.96745054E-01 -0.47943398E+00
  0.80000000E+04 -0.35365799E+04 -0.30459201E+04 -0.64036086E+04  0.10169969E+01 -0.44971855E+00 -0.38745889E+00 -0.81389913E+00  0.13957000E+00        101  2  1        0    0  99  0.80000000E+04 -0.35365799E+04 -0.30459201E+04 -0.64036086E+04  0.10169969E+01 -0.44971855E+00 -0.38745889E+00 -0.81389913E+00
  0.80000000E+04  0.48690314E+04 -0.19608135E+04 -0.49565489E+04  0.32433916E+00  0.19758571E+00 -0.79533398E-01 -0.20087417E+00  0.13957000E+00        101  2  1        0    0  99  0.80000000E+04  0.48690314E+04 -0.19608135E+04 -0.49565489E+04  0.32433916E+00  0.19758571E+00 -0.79533398E-01 -0.20087417E+00
  0.80000000E+04 -0.58053190E+04  0.23584145E+03  0.48549873E+04  0.15283067E+01 -0.11088766E+01  0.45090142E-01  0.92755649E+00  0.49368000E+00        106  1  1        0    0  99  0.80000000E+04 -0.58053190E+04  0.23584145E+03  0.48549873E+04  0.15283067E+01 -0.11088766E+01  0.45090142E-01  0.92755649E+00
  0.80000000E+04  0.52741399E+04 -0.28925507E+04  0.34770773E+04  0.99640147E+00  0.65707219E+00 -0.36030670E+00  0.43304868E+00  0.49368000E+00        106  1  1        0    0  99  0.80000000E+04  0.52741399E+04 -0.28925507E+04  0.34770773E+04  0.99640147E+00  0.65707219E+00 -0.36030670E+00  0.43304868E+00
UQMD   version:       20030   1000  20030  output_file  13
projectile:  (mass, char)    0   0   target:  (mass, char)    0   0 
transformation betas (NN,lab,pro)     0.0000000  0.9907499 -0.9907499
impact_parameter_real/min/max(fm):    0.00  0.00  0.00  total_cross_section(mbarn):       0.00
equation_of_state:    0  E_lab(GeV/u): 0.1000E+03  sqrt(s)(GeV): 0.1382E+02  p_lab(GeV/u): 0.1009E+03
event#         1 random seed:           0 (auto)   total_time(fm/c):     8000 Delta(t)_O(fm/c):     8000.000
op  0    0    0    0    0    0    0    0    0    0    0    0    0    0    0  
op  0    0    0    0    0    0    1    0    1    0    0    0    0    2    1  
op  0    0    0    1    1    0    0    0    0    1    1    0    0    0    0  
pa 0.1000E+01   0.5200E+00   0.5000E+00   0.3000E+00   0.0000E+00   0.3700E+00   0.0000E+00   0.9300E-01   0.3500E+00   0.2500E+00   0.0000E+00   0.5000E+00  
pa 0.2700E+00   0.4900E+00   0.2700E+00   0.1000E+01   0.1600E+01   0.8500E+00   0.1550E+01   0.0000E+00   0.0000E+00   0.1000E+01 * 0.0000E+00   0.0000E+00  
pa 0.9000E+00   0.5000E+02   0.1000E+01   0.1000E+01   0.4000E+00   0.1500E+01   0.1600E+01   0.0000E+00   0.2500E+01   0.1000E+00   0.3000E+01   0.2750E+00  
pa 0.4200E+00   0.1080E+01   0.8000E+00   0.5000E+00   0.0000E+00   0.5500E+00   0.5000E+01   0.8000E+00   0.5000E+00   0.8000E+06   0.1000E+01   0.2000E+01  
pvec: r0              rx              ry              rz              p0              px              py              pz              m          ityp 2i3 chg lcl#  ncl or 
           6        8000
       0       0       0       0       0       0       0       0
  0.80000000E+04  0.11757571E+04 -0.13082339E+04 -0.43379988E+04  0.11568347E+01  0.16991891E+00 -0.18879881E+00 -0.62721496E+00  0.93827000E+00          1  1  1        0    0  99  0.80000000E+04  0.11757571E+04 -0.13082339E+04 -0.43379988E+04  0.11568347E+01  0.16991891E+00 -0.18879881E+00 -0.62721496E+00
  0.80000000E+04  0.16433543E+04  0.42303766E+03 -0.77471841E+04  0.71645977E+01  0.14725096E+01  0.38014147E+00 -0.69381783E+01  0.93827000E+00          1  1  1        0    0  99  0.80000000E+04  0.16433543E+04  0.42303766E+03 -0.77471841E+04  0.71645977E+01  0.14725096E+01  0.38014147E+00 -0.69381783E+01
  0.80000000E+04 -0.13621894E+03 -0.10766728E+04  0.78553939E+04  0.70963062E+01 -0.12162059E+00 -0.95356399E+00  0.69680080E+01  0.93827000E+00          1  1  1        0    0  99  0.80000000E+04 -0.13621894E+03 -0.10766728E+04  0.78553939E+04  0.70963062E+01 -0.12162059E+00 -0.95356399E+00  0.69680080E+01
  0.80000000E+04 -0.23245152E+04 -0.52200741E+04 -0.55254918E+04  0.12321596E+01 -0.35797164E+00 -0.80383430E+00 -0.85114293E+00  0.13957000E+00        101  2  1        0    0  99  0.80000000E+04 -0.23245152E+04 -0.52200741E+04 -0.55254918E+04  0.12321596E+01 -0.35797164E+00 -0.80383430E+00 -0.85114293E+00
  0.80000000E+04  0.12117441E+04  0.99133638E+02  0.78700017E+04  0.14650117E+01  0.22219610E+00  0.18106989E-01  0.14412080E+01  0.13957000E+00        101  2  1        0    0  99  0.80000000E+04  0.12117441E+04  0.99133638E+02  0.78700017E+04  0.14650117E+01  0.22219610E+00  0.18106989E-01  0.14412080E+01
  0.80000000E+04  0.52961590E+04  0.41126619E+04 -0.39066769E+04  0.57664675E+00  0.38178189E+00  0.29667778E+00 -0.28154319E+00  0.13957000E+00        101  2  1        0    0  99  0.80000000E+04  0.52961590E+04  0.41126619E+04 -0.39066769E+04  0.57664675E+00  0.38178189E+00  0.29667778E+00 -0.28154319E+00
